        name    n  l_1     t      t_3     t_4     t_5     D(i)   
2818110 2818110 36 59.5111 0.1450  0.2351  0.2662  0.1347 1.32   
2917001 2917001 35 57.5914 0.1327  0.1172  0.1350 -0.0136 0.28   
3017105 3017105 11 80.9455 0.0799  0.2445  0.0894  0.1616 2.07   
3017106 3017106 12 71.7917 0.0866 -0.0944  0.0446  0.1109 1.47   
3017108 3017108 12 69.6083 0.1068  0.0093  0.0290 -0.0869 0.42   
3018101 3018101 20 62.2050 0.1139  0.0657  0.1643  0.0290 0.17   
3018107 3018107 14 66.2929 0.0993 -0.0017  0.0700  0.1443 0.44   
3114005 3114005 14 77.2143 0.1562 -0.0021 -0.0073 -0.0129 2.04   
3114113 3114113 13 74.7385 0.1069  0.1640 -0.0009 -0.1924 1.12   
3114114 3114114 14 71.1071 0.1122  0.1517  0.0717  0.0115 0.30   
3116003 3116003 41 66.0463 0.0936  0.2191  0.1655  0.0694 0.73   
3116005 3116005 17 56.9000 0.0916  0.1552  0.2078  0.0674 0.49   
3116006 3116006 29 67.5862 0.1143  0.0386  0.0654 -0.0565 0.19   
3117006 3117006 13 70.1308 0.1434  0.0760  0.1791 -0.0476 0.97   
3117070 3117070 49 67.3184 0.1372  0.0276  0.0718 -0.0278 0.70   
3118069 3118069 18 68.3944 0.0785  0.0486  0.1225 -0.0735 0.83   
3118102 3118102 25 65.5840 0.1259  0.1362  0.0975 -0.0304 0.19   
3118103 3118103 12 65.5833 0.1011  0.1364  0.2237 -0.0490 0.33   
3118105 3118105 11 65.5727 0.1350  0.0769 -0.0338 -0.0626 1.13   
3119001 3119001 14 69.4500 0.1303  0.2029  0.1951 -0.0439 0.43   
3119002 3119002 12 60.2250 0.1132  0.0271  0.3410  0.2267 2.55   
3119104 3119104 21 60.3714 0.1407  0.1531  0.1662 -0.0183 0.58   
3211001 3211001 13 70.1154 0.0744 -0.0469 -0.0052  0.0918 1.73   
3214057 3214057 13 63.4846 0.1698  0.3903  0.2623 -0.0062 3.93 * 
3215053 3215053 12 64.9833 0.1294  0.4222  0.3111  0.2370 2.93   
3215054 3215054 14 76.1214 0.1247  0.0997 -0.0004  0.1249 0.66   
3216001 3216001 41 56.7634 0.1259 -0.0866  0.1072  0.0042 1.60   
3216004 3216004 10 66.4700 0.1225  0.2629  0.0556  0.0928 1.50   
3216007 3216007 11 65.3091 0.0996 -0.0052 -0.0497  0.1530 1.11   
3217001 3217001 44 59.7727 0.1346  0.0961  0.1842  0.0171 0.54   
3217002 3217002 44 58.5341 0.1581  0.0522  0.0773  0.0227 1.64   
3217003 3217003 37 64.7189 0.1153  0.0400 -0.0018  0.0294 0.52   
3217004 3217004  8 67.8750 0.1172  0.1566 -0.0144 -0.1324 1.12   
3217005 3217005 19 63.8158 0.0880  0.0777 -0.0107  0.0526 1.16   
3217008 3217008 12 69.2000 0.0671 -0.0678  0.1007  0.0159 2.06   
3218101 3218101 16 58.4812 0.0817  0.0817  0.0325 -0.0524 1.04   
3314039 3314039 10 63.1000 0.0982  0.2252  0.2557 -0.0327 0.76   
3314040 3314040 12 68.2333 0.0832  0.2231  0.3408  0.0553 1.87   
3315037 3315037 13 71.1154 0.1334  0.0804 -0.0117  0.0380 0.88   
3315038 3315038 13 62.3846 0.1081 -0.0268  0.0229 -0.0657 0.61   
3315039 3315039 14 65.5500 0.1159  0.2139  0.2358  0.0854 0.43   
3315040 3315040 14 68.4143 0.1229  0.0801  0.0507 -0.0498 0.25   
3315041 3315041 13 62.2538 0.1059  0.0873  0.2004  0.0309 0.26   
3316028 3316028 17 63.0647 0.0846  0.1359  0.1418  0.0862 0.61   
3317001 3317001 23 59.8000 0.0995 -0.0015  0.0478  0.0893 0.47   
3317004 3317004 36 52.8500 0.1178  0.1089  0.1841 -0.0129 0.13   
3414029 3414029 14 63.6286 0.1024  0.0968  0.0961 -0.0677 0.12   
3415001 3415001 13 66.6846 0.1038  0.2777  0.2490  0.0975 1.00   
3416002 3416002 40 57.9675 0.1276  0.0263  0.0792  0.0111 0.41   
3416029 3416029 15 66.1800 0.1099  0.1100  0.3071  0.1476 1.15   
3515028 3515028 14 75.1143 0.1083  0.3058  0.1190  0.0948 1.65   
3516022 3516022 41 57.5000 0.1386  0.1008  0.1121  0.0494 0.48   
3516027 3516027 13 59.9462 0.0935  0.0575  0.3568  0.0376 2.48   
3517022 3517022 15 70.1333 0.1403  0.0288  0.1078 -0.0568 0.85   
3613004 3613004 38 66.6711 0.0886  0.0982  0.1783  0.1371 0.46   
3613006 3613006 15 70.6867 0.1242  0.0137  0.1916  0.1393 0.89   
3615002 3615002 16 72.6813 0.0972  0.1069  0.2957  0.0944 1.10   
3713004 3713004 15 66.6333 0.0922  0.1969  0.3035  0.2140 1.13   
3717101 3717101 14 51.5286 0.1019  0.2455  0.1853  0.1461 0.71   

                 t      t_3    t_4    t_5   
Weighted means   0.1166 0.0992 0.1295 0.0342

Flagged test values: 3.93
                                            xi     alpha  k      h      
Parameters of regional kappa distribution   0.9156 0.1805 0.1016 -0.0339


*****  HETEROGENEITY MEASURES  *****
Number of simulations = 1000 

Observed     s.d. of group L-CV             =  0.0222 
Sim. mean of s.d. of group L-CV             =  0.0192 
Sim. s.d. of s.d. of group L-CV             =  0.0018 
Heterogeneity measure H[1]                  =  1.69   *  

Observed     s.d. of L-CV / L-skew distance =  0.0792 
Sim. mean of s.d. of L-CV / L-skew distance =  0.0887 
Sim. s.d. of s.d. of L-CV / L-skew distance =  0.0084 
Heterogeneity measure H[2]                  = -1.14      

Observed     s.d. of L-skew/L-kurt distance =  0.1177 
Sim. mean of s.d. of L-skew/L-kurt distance =  0.1206 
Sim. s.d. of s.d. of L-skew/L-kurt distance =  0.0087 
Heterogeneity measure H[3]                  = -0.33      


*****  GOODNESS-OF-FIT MEASURES  *****
Number of simulations = 1000 

Gen. logistic         L-kurtosis =  0.1749    Z value =   4.14   
Gen. extreme value    L-kurtosis =  0.1266    Z value =  -0.15 * 
Gen. normal           L-kurtosis =  0.1303    Z value =   0.18 * 
Pearson type III      L-kurtosis =  0.1256    Z value =  -0.24 * 
Gen. Pareto           L-kurtosis =  0.0291    Z value =  -8.82   


PARAMETER ESTIMATES FOR DISTRIBUTIONS ACCEPTED AT THE 0.90 LEVEL

Gen. extreme value    0.9121   0.1849   0.1133 
Gen. normal           0.9791   0.2032  -0.2034 
Pearson type III      1.0000   0.2091   0.6062 
Wakeby                0.6143   1.2708   6.2337   0.2530  -0.2044 

QUANTILE ESTIMATES
                      0.010   0.020   0.050   0.100   0.200   0.500   0.800   0.900   0.950   0.980   0.990
Gen. extreme value    0.604   0.639   0.696   0.750   0.822   0.978   1.167   1.279   1.378   1.495   1.575
Gen. normal           0.603   0.638   0.695   0.750   0.822   0.979   1.166   1.277   1.376   1.497   1.584
Pearson type III      0.608   0.641   0.696   0.749   0.821   0.979   1.167   1.278   1.376   1.494   1.577
Wakeby                0.629   0.644   0.683   0.739   0.823   0.979   1.165   1.283   1.385   1.499   1.573
                      0.999
Gen. extreme value    1.798
Gen. normal           1.853
Pearson type III      1.829
Wakeby                1.754
