    name    n  l_1     t      t_3     t_4     t_5     D(i)   
1   2615131 14 65.9429 0.1381  0.2116  0.0064  0.0419 0.97   
2   2615133 12 65.0667 0.1371  0.0820  0.1500 -0.0101 0.26   
3   2616135 15 60.3667 0.1635  0.0880  0.1334  0.0017 1.20   
4   2616136 15 66.6933 0.1336 -0.1027  0.1551  0.0019 1.60   
5   2616137 15 62.5600 0.1255  0.2331  0.2172  0.0750 0.33   
6   2617134 17 56.6706 0.1088  0.3027  0.2527  0.0097 1.01   
7   2714001 11 64.9636 0.1425  0.1239 -0.0207 -0.0867 0.91   
8   2717114 18 67.2111 0.1070  0.1389  0.1380 -0.0762 0.15   
9   2814119 12 73.8667 0.1506  0.1194 -0.0258 -0.0438 1.14   
10  2815001 40 59.0225 0.1375  0.0655  0.1542  0.1391 0.34   
12  2815116 11 63.8818 0.1267  0.0801  0.1820  0.0277 0.18   
13  2815117 12 57.6833 0.0693  0.1882  0.3007 -0.0173 2.19   
14  2816114 11 61.6727 0.0991  0.0022  0.2844 -0.0409 1.30   
15  2816139 12 59.2167 0.1515  0.0494  0.0413 -0.0502 0.85   
16  2817003 11 68.1727 0.1546  0.1755  0.3655  0.2566 2.30   
17  2818110 36 59.5111 0.1450  0.2351  0.2662  0.1347 0.81   
18  2913001 26 53.9923 0.1399  0.1334  0.2419  0.1104 0.60   
19  2913121 17 64.4294 0.1211 -0.1560 -0.0287 -0.0040 1.66   
20  2913122 14 60.4786 0.1352  0.3833  0.1619  0.0052 1.47   
21  2913123 11 66.0455 0.1184 -0.0649  0.0475 -0.0905 0.66   
22  2914122 12 61.5917 0.1105  0.2023 -0.0383 -0.0805 1.66   
23  2914123 12 65.4417 0.1097  0.2999  0.3840  0.1388 1.86   
24  2915116 18 61.5000 0.1262  0.1508  0.1319  0.0146 0.04   
25  2915117 14 62.4929 0.0875  0.0164  0.0475  0.1437 0.80   
26  2916001 20 63.5650 0.1399  0.1181  0.1262  0.0271 0.22   
27  2917001 35 57.5914 0.1327  0.1172  0.1350 -0.0136 0.09   
28  2917002 12 68.6500 0.1131  0.2745  0.1916  0.0483 0.64   
29  3010001 11 69.2818 0.1400  0.1023  0.1292 -0.0918 0.24   
30  3013001 13 68.8846 0.1345 -0.0384  0.0220 -0.0687 0.81   
31  3013002  9 61.8778 0.1267 -0.1611  0.0017  0.0671 1.73   
32  3014084 19 64.4211 0.1348 -0.0760  0.1416  0.1618 1.26   
34  3014091 18 65.5500 0.1034  0.1809  0.1877  0.1075 0.34   
35  3014092 15 63.1533 0.1568  0.1706  0.0438 -0.0390 0.92   
36  3014093 12 63.3500 0.1513  0.1048  0.0228 -0.0516 0.81   
37  3014094 11 59.4091 0.0524 -0.1756  0.1185  0.2059 3.19 * 
38  3015001 12 63.7083 0.1452  0.2321  0.0944  0.0874 0.59   
39  3015085 10 65.3400 0.1385 -0.1330 -0.1281  0.0185 2.56   
40  3016001 12 53.6000 0.1548  0.2378  0.0562  0.0622 1.02   
42  3017105 11 80.9455 0.0799  0.2445  0.0894  0.1616 2.08   
43  3017106 12 71.7917 0.0866 -0.0944  0.0446  0.1109 1.16   
44  3017108 12 69.6083 0.1068  0.0093  0.0290 -0.0869 0.43   
45  3018101 20 62.2050 0.1139  0.0657  0.1643  0.0290 0.11   
46  3018107 14 66.2929 0.0993 -0.0017  0.0700  0.1443 0.43   
47  3113059 14 60.0857 0.1397  0.1666  0.1118  0.1030 0.23   
48  3113087 17 67.4706 0.1703  0.2884  0.4345  0.2759 3.82 * 
49  3114005 14 77.2143 0.1562 -0.0021 -0.0073 -0.0129 1.46   
50  3114085 13 72.9615 0.1492  0.2693  0.1568  0.0694 0.69   
51  3114086 15 70.5533 0.1465  0.1854  0.2232  0.0351 0.59   
52  3114113 13 74.7385 0.1069  0.1640 -0.0009 -0.1924 1.02   
53  3114114 14 71.1071 0.1122  0.1517  0.0717  0.0115 0.30   
54  3115053 17 61.4824 0.1136  0.2706  0.3708  0.2114 1.56   
55  3115079 17 67.8118 0.0597 -0.1883  0.1251 -0.0075 2.93   
56  3115081 10 76.1100 0.0850  0.2219  0.3355 -0.0118 1.79   
57  3115082 12 72.0583 0.0939  0.2103  0.1212  0.0102 0.89   
59  3116003 41 66.0463 0.0936  0.2191  0.1655  0.0694 0.84   
61  3116005 17 56.9000 0.0916  0.1552  0.2078  0.0674 0.63   
62  3116006 29 67.5862 0.1143  0.0386  0.0654 -0.0565 0.18   
64  3117006 13 70.1308 0.1434  0.0760  0.1791 -0.0476 0.56   
65  3117070 49 67.3184 0.1372  0.0276  0.0718 -0.0278 0.42   
69  3118069 18 68.3944 0.0785  0.0486  0.1225 -0.0735 0.94   
70  3118102 25 65.5840 0.1259  0.1362  0.0975 -0.0304 0.07   
71  3118103 12 65.5833 0.1011  0.1364  0.2237 -0.0490 0.39   
72  3118105 11 65.5727 0.1350  0.0769 -0.0338 -0.0626 0.84   
73  3119001 14 69.4500 0.1303  0.2029  0.1951 -0.0439 0.20   
74  3119002 12 60.2250 0.1132  0.0271  0.3410  0.2267 1.81   
76  3119104 21 60.3714 0.1407  0.1531  0.1662 -0.0183 0.25   
77  3211001 13 70.1154 0.0744 -0.0469 -0.0052  0.0918 1.70   
78  3213057 14 62.0929 0.1388  0.1544 -0.0658 -0.0333 1.45   
79  3213058 16 61.5500 0.1387  0.0326 -0.0305 -0.0409 0.90   
80  3214054 14 62.2214 0.1507  0.0782  0.2895 -0.0076 1.73   
81  3214055 18 59.2833 0.1355  0.3359  0.1999  0.0811 0.93   
82  3214057 13 63.4846 0.1698  0.3903  0.2623 -0.0062 2.24   
83  3215053 12 64.9833 0.1294  0.4222  0.3111  0.2370 2.00   
84  3215054 14 76.1214 0.1247  0.0997 -0.0004  0.1249 0.52   
85  3215055 11 66.2455 0.1009 -0.0687 -0.1512 -0.0528 2.40   
86  3216001 41 56.7634 0.1259 -0.0866  0.1072  0.0042 0.99   
87  3216004 10 66.4700 0.1225  0.2629  0.0556  0.0928 0.97   
88  3216007 11 65.3091 0.0996 -0.0052 -0.0497  0.1530 1.15   
89  3217001 44 59.7727 0.1346  0.0961  0.1842  0.0171 0.27   
90  3217002 44 58.5341 0.1581  0.0522  0.0773  0.0227 1.05   
91  3217003 37 64.7189 0.1153  0.0400 -0.0018  0.0294 0.51   
92  3217004  8 67.8750 0.1172  0.1566 -0.0144 -0.1324 0.91   
93  3217005 19 63.8158 0.0880  0.0777 -0.0107  0.0526 1.31   
94  3217008 12 69.2000 0.0671 -0.0678  0.1007  0.0159 1.71   
95  3218101 16 58.4812 0.0817  0.0817  0.0325 -0.0524 1.24   
96  3312042 16 64.5250 0.0972  0.1015  0.2325  0.0010 0.52   
97  3312045 15 57.4200 0.1300  0.0515  0.0120  0.0464 0.45   
98  3313040 16 57.4062 0.0979  0.2140  0.1578 -0.0679 0.67   
99  3313043 17 60.2765 0.1724  0.2394  0.1915  0.0684 1.54   
100 3313060 16 53.6875 0.1324  0.1312  0.2075  0.1356 0.25   
101 3314001 34 60.8588 0.1627  0.2396  0.0703  0.0650 1.21   
102 3314039 10 63.1000 0.0982  0.2252  0.2557 -0.0327 0.83   
103 3314040 12 68.2333 0.0832  0.2231  0.3408  0.0553 1.92   
104 3315037 13 71.1154 0.1334  0.0804 -0.0117  0.0380 0.64   
105 3315038 13 62.3846 0.1081 -0.0268  0.0229 -0.0657 0.54   
106 3315039 14 65.5500 0.1159  0.2139  0.2358  0.0854 0.37   
107 3315040 14 68.4143 0.1229  0.0801  0.0507 -0.0498 0.19   
108 3315041 13 62.2538 0.1059  0.0873  0.2004  0.0309 0.24   
109 3316028 17 63.0647 0.0846  0.1359  0.1418  0.0862 0.82   
110 3317001 23 59.8000 0.0995 -0.0015  0.0478  0.0893 0.49   
112 3317004 36 52.8500 0.1178  0.1089  0.1841 -0.0129 0.08   
113 3411001 12 65.9500 0.1042  0.0622  0.1020 -0.1400 0.17   
114 3411016 17 56.4824 0.1113  0.0672  0.1863 -0.0030 0.18   
115 3411017 33 57.0879 0.1513  0.2534  0.1650  0.0912 0.68   
116 3412001 15 61.2333 0.1608  0.1923  0.0852 -0.0807 0.94   
117 3412041 16 61.0312 0.1038  0.0539  0.1710  0.0326 0.23   
118 3414029 14 63.6286 0.1024  0.0968  0.0961 -0.0677 0.24   
119 3414030 15 70.9867 0.1262  0.1411  0.0046  0.0120 0.60   
120 3415001 13 66.6846 0.1038  0.2777  0.2490  0.0975 0.95   
122 3416002 40 57.9675 0.1276  0.0263  0.0792  0.0111 0.24   
123 3416029 15 66.1800 0.1099  0.1100  0.3071  0.1476 0.92   
 [ reached 'max' / getOption("max.print") -- omitted 25 rows ]

                 t      t_3    t_4    t_5   
Weighted means   0.1225 0.1110 0.1364 0.0346

Flagged test values: 6.05 3.82 3.19
                                            xi     alpha  k      h      
Parameters of regional kappa distribution   0.9140 0.1817 0.0689 -0.0766


*****  HETEROGENEITY MEASURES  *****
Number of simulations = 1000 

Observed     s.d. of group L-CV             =  0.0245 
Sim. mean of s.d. of group L-CV             =  0.0221 
Sim. s.d. of s.d. of group L-CV             =  0.0013 
Heterogeneity measure H[1]                  =  1.78   *  

Observed     s.d. of L-CV / L-skew distance =  0.1015 
Sim. mean of s.d. of L-CV / L-skew distance =  0.0997 
Sim. s.d. of s.d. of L-CV / L-skew distance =  0.0058 
Heterogeneity measure H[2]                  =  0.32      

Observed     s.d. of L-skew/L-kurt distance =  0.1393 
Sim. mean of s.d. of L-skew/L-kurt distance =  0.1354 
Sim. s.d. of s.d. of L-skew/L-kurt distance =  0.0062 
Heterogeneity measure H[3]                  =  0.63      


*****  GOODNESS-OF-FIT MEASURES  *****
Number of simulations = 1000 

Gen. logistic         L-kurtosis =  0.1769    Z value =   4.93   
Gen. extreme value    L-kurtosis =  0.1300    Z value =  -0.77 * 
Gen. normal           L-kurtosis =  0.1323    Z value =  -0.50 * 
Pearson type III      L-kurtosis =  0.1264    Z value =  -1.22 * 
Gen. Pareto           L-kurtosis =  0.0338    Z value = -12.46   


PARAMETER ESTIMATES FOR DISTRIBUTIONS ACCEPTED AT THE 0.90 LEVEL

Gen. extreme value    0.9059   0.1914   0.0939 
Gen. normal           0.9755   0.2125  -0.2278 
Pearson type III      1.0000   0.2203   0.6777 
Wakeby                0.5934   1.4501   6.9018   0.2654  -0.1897 

QUANTILE ESTIMATES
                      0.010   0.020   0.050   0.100   0.200   0.500   0.800   0.900   0.950   0.980   0.990
Gen. extreme value    0.592   0.627   0.685   0.740   0.813   0.975   1.174   1.294   1.402   1.531   1.621
Gen. normal           0.592   0.627   0.684   0.739   0.813   0.975   1.173   1.292   1.399   1.532   1.627
Pearson type III      0.599   0.631   0.685   0.738   0.811   0.975   1.174   1.293   1.400   1.528   1.619
Wakeby                0.610   0.626   0.670   0.730   0.816   0.974   1.172   1.299   1.410   1.536   1.619
                      0.999
Gen. extreme value    1.879
Gen. normal           1.928
Pearson type III      1.896
Wakeby                1.825
